# x	y	z
-2.314708633566683882e-01	7.960916244986052659e-01	1.453218026550552766e+00
5.436221017226590124e-01	7.857179730186679700e-01	-2.569316731086674910e-01
4.398814243654380202e-02	-3.584846346838829745e-02	-6.425751533470387411e-01
7.593325973751559321e-02	-4.089637070995710277e-01	-8.494100984829946466e-01
-1.905427940365642947e-01	-1.566203435461158255e+00	-1.432045170298633929e-01
6.795441438611210527e-02	-8.277228681805499921e-02	-7.628564072244585770e-01
2.042552469822123962e-01	-3.538810280253500973e-01	4.848765925704907054e-01
-6.552615543040055668e-01	-1.269610498847526747e+00	-2.060820394228805863e-01
1.968578506698956954e-01	1.056168241010433939e-01	-4.202703171305677277e-01
-8.810935820032599758e-03	-3.068451371147237761e-01	3.643601083374317096e-01
1.437203668255818967e-01	-9.208939361781609545e-02	-6.886292866295308235e-01
2.100054400926840981e-01	7.457512027928170362e-02	-1.670550560134446139e-01
6.681048629320800181e-02	1.489210437946502097e-01	1.797149673351508214e+00
-4.313753889229809957e-02	-4.959759736860784862e-01	-8.426969292390420474e-01
1.753451730233880901e-01	-4.692184609408061036e-01	4.460333996184098759e-01
-3.601903901903009131e-01	-1.200155944922496110e+00	-4.706775524216780249e-01
7.656182803893429867e-02	4.686244156704216235e-01	2.476752700373567873e-01
1.830999179737305971e-01	4.277304078207960214e-01	-2.883318585471574269e-01
-8.239146646864439760e-02	-1.142943979515171016e+00	-2.194555717228434955e-01
4.634408679586739938e-02	-1.119728436241686609e+00	-3.133513831451744114e-01
-2.622685753068333958e-01	1.775398871959573133e-01	1.773103327174167410e+00
-4.445492424500820106e-02	5.523334200109569769e-01	7.465643277340509865e-02
5.218091427794219889e-02	-3.003563771288855211e-01	3.953649166979751883e-01
7.009615275761577058e-01	9.043840974452816983e-01	1.565045676916569095e-01
3.322334291422683883e-01	9.327581016652424228e-01	-3.846867047734667810e-01
3.520339417346642907e-01	-1.348709420028730399e+00	-1.978104918244658061e-01
-6.434203422124429306e-01	-3.977517354777134195e-01	2.486015445180584926e-01
-3.249536810713671842e-01	6.579520581122251244e-01	1.326601110663952809e+00
2.553095332717136845e-01	-1.227558340892827893e+00	-8.262432259791779865e-02
2.648734559151065815e-01	8.183516455568168313e-01	-4.521359987288899873e-01
1.596262761534456009e-01	-6.355857904080766119e-01	-9.961826083679509169e-01
2.196521746512246076e-01	1.488707774742535905e-01	-3.843962666957846941e-01
1.311024709222003981e-01	8.501842603059409642e-01	-2.923437723916698094e-01
-1.076693354757757737e+00	-3.926688137812099633e-03	-3.728456579658349923e-02
2.686282040641449834e-02	7.366177106027508303e-01	-2.778331669354751066e-01
1.428839671747443030e-01	-3.984278270008678180e-01	5.012106319632215756e-01
1.623516891659619946e-02	4.255673127338384099e-01	1.664670131294897715e+00
1.444079079543300892e-01	3.119507114937472014e-01	1.654677620735567123e+00
-1.482761221284762954e-01	5.201915787150666048e-01	1.533331819643944494e+00
5.307105573031459939e-02	1.035813588874455737e+00	-2.017705418777274995e-01
3.927414489866119796e-02	1.098844921555573562e+00	-1.618145794669081095e-01
-1.129712885528228350e+00	1.584854304947345138e-01	-2.036188051306858093e-01
-1.117784253926561028e-01	-4.332064969779750307e-02	-6.223118052278154844e-01
-7.748921402641520406e-02	5.663876000348756490e-01	2.334900520667053947e-01
2.754998754996119958e-02	7.120603350722390923e-01	-2.442245114318895016e-01
4.764946607069049656e-02	4.080275502549711164e-01	1.595991830093046016e+00
1.179896139514399062e-01	6.732741895480967020e-01	-2.701388956462514868e-01
-1.070214035718519696e+00	-3.374661324759600008e-03	-3.082013465175300129e-02
-2.160277760495815935e-01	7.061244213163374583e-01	1.557475004967640908e+00
-2.006993907840138036e-01	1.676077769004195028e-01	1.767254355422774870e+00
-4.090979557532650746e-01	-1.154862407224262144e+00	-4.158641590150818912e-01
8.280471420691690176e-02	7.422788839825763541e-01	-5.090088117700155568e-01
2.924682740052464980e-01	9.630222230834382113e-01	-4.190365861126796876e-01
3.340553029397910073e-02	7.319734062258782537e-01	-3.484576704950865245e-01
8.582305517891897217e-01	6.064370122401148144e-01	8.295124499644550287e-02
-7.706020114858086467e-01	6.579959361448570188e-02	1.595974905758074103e-01
4.251803035262068930e-01	-1.233580428188587153e+00	-3.361213838014033839e-01
4.239784341890279196e-01	9.997956710403368419e-01	-3.349650603019653228e-01
-6.111242726584672491e-01	-1.302650851789989961e+00	-9.058380402445499746e-02
2.505006535473710064e-02	7.386629238756602378e-01	-2.679867777807681262e-01
1.852172945775296120e-01	5.392180802457414712e-01	1.758088425566489976e-01
1.998038417697886038e-01	-6.448170257759970603e-02	9.131424831546469667e-02
1.711832147621052125e-01	5.688760787432889376e-01	1.777310592565279068e-01
-1.403377791645525063e-01	2.343993434495779127e-01	1.750898717845756014e+00
-5.258096885215335359e-01	-4.390592633133176270e-01	2.152059986680908976e-01
1.656197537065330905e-01	-3.930513284681839137e-01	4.206403453103589873e-01
4.457110188717501864e-01	-1.825852488762343961e-01	-7.339128205628700496e-02
2.476070474795650025e-02	-3.386487715600035031e-01	1.630042147954810158e-02
-1.682295905420465865e-01	5.239264572539817921e-01	1.605619002225541658e+00
-3.775266411955873203e-01	-1.144059952809056480e+00	-4.021901209817573264e-01
6.029073479594757590e-01	-1.072872538735095971e-01	-6.027484601975093836e-01
5.752701604212070302e-02	8.407174291099631658e-01	-2.943535346969274880e-01
4.311395743223270238e-01	-1.943692112759689006e-01	2.163679682928852099e-01
3.355782231707309798e-02	4.764953165478387209e-01	1.501627820300524219e+00
6.695002360022543897e-01	8.907516410122292561e-01	1.695465331984223056e-01
1.364489287184212085e-01	-1.346604245388572096e-01	1.621881176412726111e-01
-1.102277460565445066e-01	9.232622607384093349e-01	-8.826747337052640030e-02
-3.368331384701500064e-01	-1.170057510883508956e+00	-4.843006961920814923e-01
1.207113285307102046e-01	-7.274349743586269734e-02	-7.577694921052630095e-01
6.853567569466910425e-02	1.312544775691097954e-01	1.790506906844386181e+00
4.654674801436849835e-02	8.424678214249551322e-01	-2.769686556013226109e-01
3.575003512985676091e-01	-3.815826537893817205e-01	-1.383682093347810005e-02
-7.371906629965278013e-01	-1.196698455136578021e+00	-2.093450545406898011e-01
-8.137861215382651281e-01	2.191851361753619984e-02	9.888895979475480214e-02
-1.831267357424161135e-01	2.182541250998993043e-01	1.716764846635953967e+00
1.537896858675235068e-01	1.048177944421761598e+00	-4.180034022330814114e-01
-1.921575763706520890e-01	-1.205584357379047233e+00	-6.168472998452628753e-01
-6.931217727347308566e-01	-9.674539042999125149e-01	-5.282238924504327748e-01
1.016805093188584003e-01	4.256553894914462122e-01	1.597628824056639640e+00
-2.072141418111247968e-01	2.557774669452008154e-01	1.747437197898535022e+00
-2.575883909346374789e-01	1.147715007511218993e-01	1.757544850824915628e+00
1.537488240586395993e-01	-4.023358330758581847e-01	4.410494170920472023e-01
-1.761725223411229058e-01	5.927278320312783233e-01	-2.882826016579749240e-01
-1.393833885715130005e-01	2.755487179809024134e-01	1.724479512385260538e+00
-5.034303409632228110e-01	5.182616702465302483e-01	-3.476258996148489100e-01
-8.503399876449969641e-01	-2.072688422807023034e-01	-1.792605553302117072e-01
-6.838636539083496890e-01	-1.789363012353739069e-01	5.600706485577999771e-02
-4.739225403242883217e-01	6.058302887225558431e-01	-3.331188688931832065e-01
-6.994938505760389669e-02	9.827215495498055065e-01	-1.668507827569563062e-01
3.144198916729101234e-01	9.486985588240685052e-01	-3.981904376976254101e-01
-7.756528219583975758e-01	3.645572894123900055e-03	3.650374344588009912e-01
2.439670463281546908e-01	6.411252448533450998e-01	-4.054899156899620105e-01
7.345228757183829282e-01	6.331305241878800727e-01	-4.271495350349349684e-02
-6.896318520180388933e-01	-1.214995078986441879e+00	-2.170248012469727927e-01
4.458715818401329800e-01	-2.083627207066567066e-01	1.852749844889756969e-01
4.929719864271817076e-01	-2.088951669235085129e-01	2.750763380756751086e-01
3.407556298267670064e-02	-3.727671816351250111e-01	-8.779882287097011684e-01
-7.745021853364862929e-01	5.004381465582159738e-02	8.168136947463169872e-02
2.671192992725142101e-01	-1.276488838280340987e+00	-1.810341483411634089e-01
-1.568135495511832067e-01	-1.421126890071203075e+00	-2.340803080937932101e-01
-4.252955061855058783e-01	4.662586942012316160e-01	-2.774357069531441788e-01
-1.086521238501279990e-01	6.259359467240988018e-01	-3.439539420052750152e-01
-5.506362393421600221e-02	1.226702095144624055e-01	1.793170803405264913e+00
-4.059526310868282750e-01	-1.264275435396289504e+00	-4.442562483429844944e-01
1.402018455001514119e-01	3.921558302941898777e-01	-4.300992476878903181e-01
2.065253249706653083e-01	-1.258404129458969845e+00	-1.009559917208241037e-01
6.106149973405601283e-01	-2.374978190320480020e-01	-5.297408284951510282e-02
7.815486682997789536e-02	-6.367177866560110866e-01	-1.018216547044163978e+00
-2.693183415281900084e-01	7.591648654575954280e-01	1.387817697063977951e+00
6.981203489297964637e-01	6.185734650538764479e-01	1.139776201025217983e-01
7.540249131221223866e-01	6.777338199975097011e-01	1.601259697554854866e-01
-6.863767651551154758e-01	-2.254916405263189885e-02	2.233560717440759985e-02
-1.899464229767258983e-01	-1.188836731688595050e+00	-6.188412092438632106e-01
1.015382578202217029e-01	-1.017488120663258971e-01	-7.879138269970610287e-01
6.389997970618437328e-01	8.377872212641482852e-01	2.116410331433153102e-01
9.601951452024549971e-02	7.259336863876379720e-02	-1.655366932754246123e-01
2.798689087427662092e-01	-4.503134483210924910e-01	3.522959051564010791e-01
1.718217421808183043e-01	-6.275654946935389777e-02	-6.909057885992933024e-01
7.353567732134080881e-01	6.447152641255486927e-01	1.738397750252027862e-01
-6.003568143515471967e-01	-1.154498612336805952e+00	-1.958671125556576131e-01
-8.211209659372372682e-01	-1.219479660397193993e-01	2.359462798949633067e-01
1.992074165257189111e-01	3.554323700109838224e-01	-3.164130944259250788e-01
-2.092399407711910062e-02	5.840492120385299968e-01	2.112928886712819032e-01
-8.715150542286019542e-02	3.232932843482994034e-01	1.764257353723211796e+00
3.533377580770197812e-01	-1.282160460139229574e+00	-7.186355819570039438e-02
3.974195596960353183e-01	4.802503023272429727e-01	1.582542583549159332e+00
3.061216090641202814e-01	4.242476059543374145e-01	-3.096534918138540982e-01
-1.453825600184772138e-01	7.884903011152188945e-01	1.352013925381426285e+00
-1.165007452640118984e-01	9.953714669159723361e-01	-1.548456487212392929e-01
-2.475697318346145037e-01	1.612094523312080918e-01	1.784058301824053672e+00
-5.581916764637709916e-01	-1.288612447877987011e+00	-4.312766274501979025e-01
5.434070469799889835e-01	8.832999285581081272e-01	8.352263166565219998e-02
-4.924218101694730065e-01	5.651845853384003249e-01	-2.972376501789402159e-01
-7.479847665444609717e-02	-1.129779233318885856e+00	-4.217014210499507865e-01
3.873952961622766922e-01	9.632577873918198863e-01	-2.832011868913829056e-01
1.453262925231043889e-01	4.657444332525418895e-01	8.788107830590649594e-02
-4.018927593807240101e-02	-1.319840176262228715e+00	-3.683997243656897957e-01
3.993800675501105735e-01	8.328007085661642828e-01	-3.745679796922595783e-01
5.150148013791611135e-01	-1.317885182665244070e-01	-7.174675407402257843e-01
-1.267085413105351055e-01	-1.201169124727798909e+00	-3.555186731103043840e-01
3.728691428335352831e-01	-1.255746436494770357e+00	3.054373761249409847e-02
4.720740496372570205e-01	-1.439912685997561725e+00	6.113140109145150103e-02
3.585518897158324059e-01	8.674864190343328785e-01	-2.688613674367241191e-01
-1.545942974475607024e-01	8.092035086251503362e-01	1.324886662131921744e+00
-3.479486373576762825e-01	-1.214790568465486942e+00	-4.900742362208924119e-01
2.308378577450002911e-01	3.257570978009948770e-01	-4.130646336914923777e-01
6.620040280819731171e-01	-1.193350385703343952e-01	-1.252185833826102990e-01
6.102032187757159276e-01	8.477969229255938322e-01	1.176470216667743068e-01
4.506045027420040039e-02	3.538379592832426868e-01	-2.216929596838670968e-01
1.446887990627838128e-01	9.402905503703590240e-02	-3.777018289293672115e-01
2.891710545205758986e-01	9.511558944972566820e-01	-4.128040788120814208e-01
-9.213655070356476795e-01	-8.979872322571350041e-02	-2.584988059992679998e-01
-1.771408270878923885e-01	6.007109773053070922e-01	-2.981615599112468207e-01
1.557587104422983038e-01	-1.138681269206793939e-01	2.580305297739262094e-01
-4.904347681218403920e-01	5.186729300639250084e-01	-3.387377229168848092e-01
4.315300045469199208e-01	-1.873291445743353878e-01	1.937760612857470921e-01
-3.512720615572915150e-01	-1.143944513259662399e+00	-6.902063598492320651e-01
-6.741063010248629639e-02	-1.141787398893907790e+00	-3.840371812559051912e-01
-3.509564475378633142e-01	-1.550681877477962711e+00	-1.098153883365459021e-01
2.112334403892676959e-01	8.299184075302314945e-01	-3.135566290338883122e-01
-5.098246912695727495e-01	-1.215125590851281689e+00	-4.383828818050188869e-01
-5.071059419268837409e-01	5.750527581113636932e-01	-2.990579363786824985e-01
4.718904445831659800e-01	-1.238941266561836008e+00	-4.391419999989221168e-01
5.645219080314077820e-01	7.981429311093956036e-01	1.357371337722232119e-01
4.105156203393359182e-01	-2.010933005728346989e-01	-5.965385877513330187e-02
2.622784342589769974e-02	1.061182553771536474e+00	-1.991029911886192105e-01
1.050290600190735973e-01	4.438235161834330755e-01	-1.817979687442257131e-01
-7.475840508891090641e-01	-6.957238606630269384e-01	1.503856363401453677e+00
-7.458812545623936252e-01	-3.097586015875170018e-02	3.464356299864009697e-02
-8.604697690942317845e-01	-1.932388629954019110e-01	-4.340842693068984737e-01
-1.170142397795391059e-01	6.293700309772646273e-01	-2.882277180365201974e-01
3.041242973453460105e-02	-4.630958542389317922e-01	-8.346505547929462532e-01
-7.005240387395393897e-01	5.177767889115990341e-02	1.270206620748322024e-01
-6.320874978477339923e-01	-1.125083929892679135e+00	-2.113457290901888941e-01
6.547622555254777321e-01	-5.576666325283210490e-01	-7.579880083298294879e-01
-2.245994022196375062e-01	-1.146960448616245909e+00	-6.243114403524956391e-01
-1.381936095998813896e-01	-2.262858157354140920e-01	-8.221588233287642211e-01
6.599897811659531932e-01	-6.586228922397454610e-01	-4.896162593925187934e-01
3.719826787671913770e-01	-1.853915010448529133e-01	2.387945902702864054e-01
-7.339104086623850220e-02	-1.140936400604340095e+00	-2.243116942641510125e-01
3.238292436567761223e-01	-1.251582427998672031e-01	-7.207426969535869477e-01
1.822289213770582061e-01	4.790863415374033152e-01	-1.469388655942558131e-01
1.299048487977449984e-02	4.641437681882394917e-01	-1.751524181219993037e-01
1.651607385843522069e-01	7.599744247705790823e-01	5.372843034869680123e-02
4.668919620378962909e-01	1.313624788211459893e-01	-1.862393290498486065e-01
1.375904533604697944e-01	6.517181389380498624e-01	-5.440349940664085393e-01
2.293351212467686917e-01	-5.127780522044452782e-01	3.358390405332196127e-01
-5.141963503905769978e-02	8.413363232954809701e-02	-3.601514899241429757e-01
1.993053172326040012e-01	6.065231811484487201e-01	-4.146587748334312762e-01
6.517941445664717781e-01	-5.223829009923425248e-01	-7.328934298513596346e-01
-7.355877677821115457e-01	-1.309742869250574149e+00	-2.459920823989593108e-01
2.201438992195111910e-01	-4.506053531962925240e-01	4.640152053115946806e-01
2.191388164942829897e-01	-1.216240986837672455e+00	-2.666413488686911748e-01
1.525558941848806915e-01	-9.514801440719909686e-02	-7.348480346132849617e-01
1.455993048663374867e-01	2.867100222328953230e-01	-3.929183954063846240e-01
2.300954678407498011e-01	8.316216212750800196e-02	-2.892482713763027125e-01
4.504942714554958094e-01	-1.300267350900901731e+00	-4.729358716701970167e-02
-1.510160151274811124e-01	7.679364482528749924e-01	1.358773244642798916e+00
4.817114878374766929e-01	-1.219812953117469512e+00	-7.870751600686870519e-02
6.744714016462646233e-01	-3.966166088747247187e-01	-5.256194626357052480e-01
-1.365950433060474090e-01	-1.221984043424449551e+00	-3.371661439637860247e-01
-3.256150610908398746e-01	-1.151937235951763228e+00	-6.802757620898877144e-01
-8.588145056494309593e-01	6.407839137915689876e-02	1.058359685771892988e-01
-1.965182923604189003e-01	-1.511310134549114670e+00	-1.926439148793878120e-01
5.660126401137282048e-01	-4.548498266855455774e-01	-5.351143545503818100e-01
3.988211567931975177e-01	-6.673001252353849555e-02	-7.113534902645881619e-01
-4.970385899956992759e-01	5.356012776198225689e-01	-2.721662489055093892e-01
1.167615001580063067e-01	3.249923264724817185e-01	1.599498673838411600e+00
-3.949356273568990217e-01	-1.214980509862420455e+00	-4.145316600164766219e-01
3.016567903930196803e-01	-2.350104919083161048e-01	-7.878132611890185100e-01
6.470804172306975355e-01	8.454610570390376223e-01	1.905018544056399088e-01
-6.360011684535082921e-01	-1.272112123173845921e+00	-1.197640335978376047e-01
4.152209631701760939e-01	8.381562139696837610e-01	-1.901999187980019101e-01
1.578944070806690136e-01	2.426444386909263895e-01	1.549466041995590571e+00
-9.104643200274599793e-03	-3.738611683083669091e-01	4.375506154217246868e-01
-5.106713177344992527e-01	-1.311724466262127020e+00	-3.712736737763907002e-01
-1.788588203854009906e-01	2.024359902866421090e-01	1.495301680763367003e+00
1.538585553332436906e-01	6.108453016505893673e-01	2.040562372874432095e-01
-2.488694558679823976e-01	-1.138428278951707062e+00	-6.316108543374822082e-01
-7.505514682124938552e-01	-2.365198746515879968e-02	2.637254893188490934e-01
-9.174577092268918488e-01	-8.951702680710510451e-02	-2.874495004961504230e-01
-1.196962187671442024e-01	2.995454186337033198e-01	1.756222291745306308e+00
1.856396437485587081e-01	-4.752176048598595881e-01	4.974759547545922200e-01
-1.735804742582519947e-02	-1.898759185500956126e-01	-7.189310126991423910e-01
3.637124523351408234e-01	-1.092027514069023653e+00	-3.197651131179302109e-01
2.825348657886722070e-01	-1.181126902453165650e+00	-4.450106879131560111e-02
1.238474609857050934e-01	-6.642032019559540590e-02	-7.581663230078188320e-01
2.095000257760220863e-01	-1.837784631829117998e-01	2.179604727097678996e-01
4.327477069101275942e-01	-1.816909891504115138e-01	-6.689843415783210123e-02
1.546183961737901957e-01	-2.797569536294920028e-02	-6.788438700886989530e-01
1.051087382214827975e-01	-2.015075123646412059e-01	1.051133292546623937e-01
-1.024224187466774988e-01	1.022049668580000015e+00	-1.567249888116883094e-01
9.009286737848359872e-02	8.555643923975643217e-01	-2.527679659652037891e-01
2.401139233938570094e-01	5.589444998940271692e-01	1.792510436790973882e-01
4.225015023333100056e-02	1.048826714616841294e+00	-1.637576205741768098e-01
-7.173094999657722015e-01	-9.243179580275100171e-02	-9.199218922014659738e-02
-8.975454338678200833e-03	7.063479957617537774e-01	-2.668976546341502165e-01
2.313108755755174939e-01	5.491112550904335698e-01	1.826911960133250912e-01
-3.928446755221010056e-01	-1.205857424588485216e+00	-4.440858103809364188e-01
-1.038867849855073938e-01	-2.291026154587252062e-01	1.248316671103869985e-01
2.811957412422059766e-01	9.629445417299037357e-01	-4.282410357302661730e-01
1.984017483060709908e-01	7.398237783029077974e-01	5.954216435450900013e-02
-7.136451514492810899e-01	-1.403306562982629957e-02	1.233141063355391032e-01
7.639541142665627893e-01	6.093311569901584956e-01	-1.905358900504799946e-02
1.476871497879156947e-01	-1.109579388847111991e-01	2.702338914941659898e-01
6.234496156514194309e-01	-6.678943485543369363e-01	-5.326794444833407027e-01
6.886130380072507107e-01	-4.543908685654727830e-01	-5.164662137139064413e-01
-1.190183878958770980e-01	2.334121510079240069e-02	-6.375113842157833499e-01
1.099417928762984054e-01	7.768532176514600929e-01	-5.169087467958066728e-01
-1.295927052851010008e-01	1.259835507179737912e-01	1.732589796239066615e+00
2.381258056168465975e-01	-3.804847790098239146e-01	4.078280629020010761e-01
1.728195211555665078e-01	-2.175349792311110156e-02	-7.318064131864140398e-01
7.313027029379873811e-01	6.697466658593310695e-01	1.392182193161977111e-01
-4.931680221975009992e-02	9.887174944644809838e-01	-9.047985118867619969e-02
1.099025071271702986e-01	7.655836695684256066e-01	-5.206374842720837837e-01
-7.709300951899741294e-01	-1.190724644771703061e-01	-3.259645953803359808e-02
-5.960846330308275931e-01	-3.723612204442298124e-01	1.654316523295810970e-01
5.600874165624610823e-01	7.492530915673039082e-01	1.263096559052742929e-01
6.785026923037917879e-01	-4.440770887200879979e-01	-5.156242560368996530e-01
-1.026487740994023040e-01	4.625424987926710085e-01	1.434348674414417102e-01
-7.786787909829169518e-02	6.542946550101067515e-01	-1.978723247740060975e-01
4.122203713596657160e-01	-1.324140893740308744e+00	-4.032546093729036940e-01
-8.053416136500082256e-01	-1.387101529574077119e-01	-1.091727165420438989e-01
1.873599074345282944e-01	-3.405205997060405942e-01	4.544368347635953098e-01
-7.237311464461725352e-01	-6.579067981480750393e-02	2.844639513596849967e-02
-8.759186313585529682e-01	-2.339320817524191964e-01	-4.488675284441914215e-01
4.065754045415421181e-01	8.374457469374545493e-01	-3.738829072063757919e-01
5.599398562580432115e-01	-5.662139974451426694e-01	-6.838643817906857603e-01
4.090164824109803199e-01	-1.228604760557674647e+00	-3.306011831020749803e-02
-2.890048101636316091e-01	-1.502353526909466774e+00	-1.481234323778992945e-01
6.655769163565039559e-02	1.516224574581163109e-01	1.719295277231381425e+00
-7.055094247855379086e-01	-1.139914748584193172e+00	-3.053284664837027096e-01
-7.399618320477671096e-01	2.225779240090599957e-03	1.528820131633364943e-01
-7.879378666553260580e-02	-1.088515507459393017e-01	-4.324100415201820313e-02
-1.139725259925056938e-01	1.699905379093487878e-01	-6.130769829751822053e-01
-1.521958439996038970e-01	7.792542458457719645e-01	1.362094728821917622e+00
1.047988983942526042e-01	-1.065466016936741367e+00	-2.946507868906019234e-01
2.407446522957610094e-02	7.315915515185739126e-01	-2.847755076876892777e-01
2.226323359857186046e-01	8.876452803222539822e-02	-2.979040607836581089e-01
-1.271807279700929882e+00	-9.964191961486930371e-02	-7.455179783936520532e-02
3.095071592192075727e-01	4.289948242350207219e-01	-3.189200942540466044e-01
3.425278157790669908e-01	-1.861322393457096880e-01	4.352557750169879225e-01
5.838354505851692799e-01	-5.229928237766547916e-01	-4.968348482011168965e-01
1.259524807177677119e-01	9.113012433421589786e-02	-5.057871122537799247e-01
1.751928797850720032e-01	-1.276308228817510937e+00	-1.865865413639281878e-01
-4.689126590253552829e-01	5.903252854774088121e-01	-2.734052699529634922e-01
-2.149888365069700102e-01	-1.412938762723221942e+00	-2.231195753539385040e-01
-3.080077545893968871e-01	1.352654348339367985e-01	1.766338724853848907e+00
-4.917504170874429925e-01	-1.184438888275021640e+00	-4.225047851621561157e-01
-6.005837027638530334e-02	4.570879753939129930e-01	1.625966145955940467e+00
2.028360409654255125e-01	4.204590243530922922e-01	-3.294040603585827176e-01
4.255922688845433788e-01	-1.299723167920687983e+00	-3.743887765508489840e-02
-7.931861105378279486e-02	-1.116879859736881642e+00	-2.290706574785298932e-01
5.760154924367102414e-01	7.374020292869631898e-01	-2.974069101065621723e-01
-1.247581732542276944e-01	3.294749050379618960e-01	1.725366104297551217e+00
-2.638748714663089953e-02	7.402589844112699158e-01	-3.935562581477287103e-01
-2.905710339029890163e-02	2.166241614449908870e-01	1.698274778665224582e+00
7.377645181273476682e-01	6.467423337040942855e-01	-1.479843259116792042e-01
4.543791844638542243e-01	-1.334379563539911162e+00	-4.167563902424507027e-01
-4.634321810326969687e-02	-3.366264755623182836e-01	1.085730376924782942e-01
-6.712527832872580147e-01	-1.136906360408300509e+00	-3.078626222184653871e-01
-8.471691918516849329e-02	6.378561030774254625e-01	-3.439156206707651986e-01
-6.274620758932770714e-01	-1.051868380248038415e+00	-1.528888199517342006e-01
-5.290965238108426005e-01	5.120326601989104720e-01	-3.303617461044405790e-01
-3.134020822711576226e-01	7.264310692264703828e-01	1.351730903629286162e+00
-9.153212873777274439e-01	-7.100759479888429926e-02	-1.978384807095711906e-01
5.746474614046240825e-01	-4.943133633050694753e-01	-4.916393222846255906e-01
1.425845385603438098e-01	8.156026173320320150e-02	-3.317736591881261798e-01
-6.818234968087333314e-01	-1.132880867970692984e+00	-4.772171947791882807e-01
-1.194446625226820435e+00	-7.254603219601450659e-02	-7.052138932993619325e-02
-3.432841456639160183e-02	6.865749977755593036e-01	-4.186408824515784888e-01
2.092309161515182869e-01	-1.459912557061589400e+00	1.086572337031952024e-01
-1.382036935204508099e-01	-3.301557710658372113e-01	-7.015322534653588571e-01
3.076022325268770036e-02	6.243491462918429047e-01	-3.585011346366088203e-01
-1.032070793897777033e-01	3.160818468561463201e-01	1.767150177455329763e+00
1.957951910001106133e-01	7.248284673137206369e-01	-8.783471032674999845e-02
-9.074785835974689963e-02	9.599537413158290011e-01	-6.540241002433599959e-02
4.303279369565051748e-01	1.014072774328480753e+00	-3.047425556643856837e-01
4.272316837609667073e-01	-5.910824207440149719e-02	-6.354850915595275929e-01
6.024038998238240294e-02	3.852787057107375790e-01	-1.751326694874900114e-01
-1.145187201625893270e+00	1.721168496497725020e-01	-1.941858398860505097e-01
2.238665300830771920e-01	5.372094574131355271e-01	1.993927056917647878e-01
-8.337215858837757620e-01	-1.930005715636496089e-01	1.411937191143601000e-01
1.370658442093536100e-01	2.047646052969402108e-01	-1.038431609863181004e-01
-2.600483243913565001e-01	1.378162393141851016e-01	1.736178846208827231e+00
2.270193212603129895e-01	1.701560322444027051e-01	-3.857500986109977936e-01
-2.027975059948547987e-01	-1.614334393109295718e+00	-4.375329488238839659e-02
2.984216279661069948e-02	5.019472858321514241e-01	-1.068072900394636954e-01
6.002020690156582017e-01	7.768946055929987216e-01	-3.354338542511727805e-01
9.502852441719619736e-02	-6.743789710628446121e-01	-1.005626455528644714e+00
-9.303711713587810295e-02	2.253775213529760069e-01	1.744409836584507101e+00
1.357874965486255969e-01	2.713555934412589243e-01	-3.101821084532280781e-01
2.665822245732406004e-01	-1.169379120710663633e+00	-4.945927631768220339e-02
5.692377627352954716e-01	7.384290394023614867e-01	-3.261645160828345880e-01
5.813395562726379751e-02	-2.981525456056740020e-01	4.109972445267944807e-01
1.776304008806390000e-01	7.054798240678076260e-01	8.958276817097229894e-02
3.573569129051443194e-01	-2.221684347164535056e-01	1.951419219868804900e-01
2.998937790928860037e-02	1.616309166674120140e-02	-6.488684300158553686e-01
-2.136989127541183975e-01	-1.204863741247091502e+00	-6.494004417607794899e-01
1.190513833700435065e-01	8.336503289931450345e-02	-5.126057873876057602e-01
1.505060909703526129e-01	2.097246023547678084e-01	1.596233320079279094e+00
-2.593627238668682056e-01	6.087504965550708524e-01	1.361663976914204932e+00
-1.273574129510007591e+00	-1.004822684069879984e-01	-7.177846922230170235e-02
-5.600636711988576932e-01	-1.407076430850862092e+00	-1.480900595921053886e-01
2.412388756304832960e-01	7.095460198423489406e-02	-2.718296689897590213e-01
2.261926688828926890e-01	6.058545036683340296e-02	-2.879914016484416139e-01
3.090872899865274026e-01	8.862272834938752508e-01	-2.626385951357541049e-01
1.286219267211448081e-01	7.130210688782868678e-01	-1.641044978172492008e-01
3.058118414259433093e-01	-1.248876477942244961e-01	-6.814867549921793666e-01
-6.487045553821670085e-02	1.206281875780965962e-01	1.799919701027358210e+00
1.573867630387280891e-01	-8.929168096145240208e-02	-7.407962599776953816e-01
2.645803240357109953e-02	-2.825359363703520144e-01	2.227111568322777124e-01
-1.300248589593621329e+00	1.200699206158562932e-01	-1.270973082859848946e-01
-3.360340804295960243e-02	-1.335150614219807075e+00	-3.592438897366060924e-01
-2.736794153264139953e-02	4.199925243538383812e-01	-2.050774160352182018e-01
2.251231348452939832e-02	1.187608863140569015e-01	-3.709515590019777931e-01
-8.577032136001973006e-01	-3.961616622955840827e-01	-1.320362384927322996e-01
-2.091750714564859920e-02	-3.414926814922724096e-01	3.583536729759174144e-01
1.012308087055380050e-02	-3.302692035885855248e-01	-8.640562769441906266e-01
1.906089054498451008e-01	8.677343863771550536e-01	-4.046050002686329972e-01
-3.276526062464621969e-01	-1.511705378179077019e+00	-2.082505817709001117e-01
1.839126014786915120e-01	-1.218911345374342536e+00	-3.033005290955844147e-01
5.059197176309263577e-01	7.795509909613351773e-01	9.543158871759159501e-02
-4.617160372577699956e-02	1.505706227273538034e-01	1.853771467857579180e+00
4.281039532004699694e-02	5.027109540060333837e-01	-2.588223531801704946e-01
5.258286131009649866e-02	-1.112983651885021130e+00	-3.127082316041974730e-01
2.296864956632075072e-01	4.855641081819425109e-01	-2.324328811985854892e-01
6.709926531315710263e-02	8.188840518790070355e-01	-3.415237214229513985e-01
5.651952555274665224e-01	-3.450405872939671936e-01	-5.099571581821938926e-01
-8.577591359010766636e-01	-2.186196149929386934e-01	-1.704361243407656878e-01
1.612769830843996943e-01	-4.047275419155091924e-01	4.614060131959020206e-01
-9.167996377230491767e-01	-7.472400106184939883e-02	-3.109156449219677154e-01
-3.400536149201385805e-01	5.615188347564734617e-01	-2.281216616933454122e-01
5.401052243166200306e-02	7.321257819510110232e-02	-5.775183518737558863e-01
-1.595385373899020909e-01	1.996933181947808111e-01	1.755206124144480295e+00
4.434176988507789186e-01	1.002177635074616102e+00	-3.339108814410006731e-01
-6.805063854012821656e-01	-6.949690810348178038e-01	1.624680094199287383e+00
1.357812634372203009e-01	4.258571895890426728e-01	-2.454259408697894995e-01
4.120624718286140103e-02	-4.836856340425241818e-01	-8.251605246057831522e-01
-1.069748435435755041e-01	3.451789921586400078e-01	-5.381738464178847936e-01
7.022797223391803456e-01	6.869145074627658332e-01	-8.996360436089130552e-02
-6.057617872684701865e-01	-1.366937341906897974e+00	-1.371795621787227915e-01
5.853889155324891735e-01	-4.990577125569742867e-01	-5.158943271343681136e-01
-1.051313689167975990e-01	1.698870580548915987e-01	-4.223587720973310811e-01
1.521853616271952869e-01	-6.478236522385724117e-01	-9.676105072739169533e-01
-1.071908656255602943e-01	9.143897482003718880e-01	-1.654083609416281964e-01
-7.426895255229459814e-01	1.179917623390699943e-02	9.112315992799699393e-02
4.435329035227709993e-02	-3.464074485250168145e-01	2.791580627966349856e-02
1.649307980602472135e-01	-1.198986094387650969e-01	2.807351823024145099e-01
-9.085360747753920552e-02	5.426169564961761393e-01	1.668380991860835660e+00
2.904522597797695727e-01	8.107931305215986262e-01	-2.655611464780562869e-01
1.589751054267035946e-01	6.240304350416071566e-01	2.031640337991565959e-01
-6.485539045075522369e-01	-1.410712848748416848e+00	-8.809656739582009954e-02
2.853206875653294117e-01	-3.440166763321300114e-01	3.714629392827554222e-01
-2.310055988866799026e-01	-1.212565569802279253e+00	-6.293486400231262934e-01
-1.983551982084434118e-01	6.175939592556030089e-01	-3.073635781100703124e-01
3.657946128561325172e-01	-1.305742085342704029e-01	-7.236204498021310272e-01
-8.584306239781409886e-02	9.863131297722481650e-01	-1.749157010092149966e-01
3.728778155162447150e-01	8.632046627163182384e-01	-3.300181011125624120e-01
9.952845027451789894e-02	4.377516953783064935e-01	1.599427204619168652e+00
2.103576614588810109e-02	4.103427278570678238e-01	1.677065903618922826e+00
3.062957831187885227e-01	8.832492332424072279e-01	-2.594133327260071953e-01
-1.120684029130988746e+00	1.110902510522908948e-01	-1.235114605805357063e-01
-9.921853642851699573e-02	1.555902874403956027e-01	-6.069236611946995374e-01
3.183734090125471816e-01	9.611508516073462571e-01	-4.005366633986345848e-01
4.300865173033299738e-02	4.509662322180473248e-01	-2.477740465490473887e-01
-7.110667441748006468e-01	-1.278824520910000050e-03	1.248970057055513033e-01
-4.420040860280681771e-01	4.723666571916769752e-01	-2.587192779448029833e-01
-5.047057079355470044e-02	5.280005893741578360e-01	6.106506747093740084e-02
7.460640281863887280e-01	6.656323485418520480e-01	1.390146737382056963e-01
4.794359973166871236e-01	8.585303087610361983e-01	-1.597544225884479918e-01
4.279741887154804858e-01	8.620679067081838953e-01	-2.007696969212955929e-01
5.602071181434230551e-01	1.360171565463448029e-01	-2.495521266365728075e-01
-2.017808486116403899e-01	4.856754742198843844e-01	1.682596372154698150e+00
6.785194433104206890e-01	8.365485213052479274e-01	5.326095047780159825e-02
-3.975231139953130238e-02	-1.317084856619416877e+00	-3.703719047039438217e-01
-8.821674253760830586e-02	4.598746344528510943e-01	1.247026599675442049e-01
-2.041310490557657065e-01	6.341183078574498255e-01	-3.706953193407027114e-01
4.048085323727911855e-01	-1.242289124313704862e+00	2.333504564961810107e-02
2.269454452622871043e-01	-3.960787101988526016e-01	3.341789556322439791e-01
-1.495825738318704023e-01	-1.207974492866406901e+00	-3.454087715401413794e-01
-7.057947608529290262e-01	-1.156957441193162461e+00	-2.940784404037632971e-01
7.314240445107800075e-03	7.622557979125933469e-01	-3.178537093094497834e-01
7.844408484998570408e-02	8.253923209800613225e-01	-2.570321970248585219e-01
3.207956562535247969e-01	-1.179917503197978057e-01	3.421774316120573256e-01
-8.400494615503730778e-01	-6.464372013552059648e-02	-3.115408531996052277e-01
1.499745078383352137e-01	-3.780200937595112887e-01	1.147518722734583024e-01
1.562298302429815100e-01	-4.472317546787368259e-01	4.887754034037394835e-01
2.850124349580792082e-01	8.201057922526886479e-01	-4.548964823288538795e-01
7.669917479149758188e-01	8.734062186330885380e-01	6.609356453784349938e-02
1.403459427358179912e-01	1.838247616168461884e-01	1.563512805760580049e+00
2.799823046695550099e-02	-7.616836637611490435e-02	-6.400188183844299772e-01
6.538968225814399682e-02	4.266383584284494934e-01	1.618008317525701845e+00
-6.972426684182947421e-01	-3.798810510614550884e-01	2.627660710275918077e-01
5.945825293501435516e-01	-5.606651346891303733e-01	-6.159014685641588382e-01
8.575736439265979616e-02	4.768655837429597866e-01	-2.681858548883314097e-01
-5.067296656872059823e-02	-1.100585843364198846e+00	-1.094488433153334023e-01
-6.389211789933254559e-01	-1.164660520168028013e+00	-1.902929151954393938e-01
-1.977548891716985890e-01	2.415147785276560988e-01	1.736445944279774611e+00
6.683968875372543472e-01	-1.179880963101938990e-01	-1.411065581963920068e-01
-6.077182536836717164e-01	-1.123645329402134463e+00	-1.269109542221165954e-01
3.081309086751514159e-01	1.647922216569256137e-01	-4.307944722733513809e-01
3.605647288710572829e-01	-2.600507741536787765e-01	2.213234199450642981e-01
-1.246018340134299018e+00	2.517582727337939197e-01	-7.124413024314420195e-02
-8.940969359168199349e-02	6.607129615703475345e-01	-2.917199762979694744e-01
1.900332669753503068e-01	-5.945100875916709687e-02	2.369407222936120022e-02
-5.157066814904656127e-01	5.783728560635376104e-01	-2.944119576439778174e-01
-2.166938513762138030e-01	-1.527388831520931634e+00	-2.478130858027497996e-01
8.337117286362849544e-02	8.381695295288775771e-01	-3.149563645383174904e-01
-1.084139151585248040e-01	4.899741075192715067e-01	1.655297566830264744e+00
2.949241166734212216e-01	6.084552128710560281e-02	-2.877242457582621094e-01
3.644050345924754741e-01	8.570746982779858802e-01	-3.217677381061265773e-01
1.570598012404068877e-01	2.121820861005981051e-01	1.513385532243947118e+00
7.523952107687396085e-01	8.562909683057531307e-01	6.395333598755509330e-02
3.291985291844579109e-01	-1.199385636337896993e-01	3.287442344630682189e-01
4.150246312961559936e-02	3.532214910244094730e-01	-2.227155189886035891e-01
-6.869812586318077008e-01	-1.301254695706289821e+00	-2.284100175644304120e-01
5.175317071558609844e-02	-3.256365248626207909e-01	5.027894513083548400e-01
3.188497720767707877e-01	8.949357207531281055e-01	-2.467330615763906887e-01
5.899229327005321988e-01	-3.799534929383758808e-01	-5.257976994295053830e-01
2.391769794332997967e-01	-5.201747329206487525e-01	-1.000240824041729759e+00
-7.767852852892055404e-01	7.281831194785980121e-02	1.558337167624417041e-01
3.136941576125851783e-01	-3.464470853791679072e-01	4.380087894555140249e-02
-1.249024979897860044e-02	4.370527739465581152e-01	1.624681229603600841e+00
3.969325416133240303e-02	-3.955143864671609860e-02	-6.385108374984534985e-01
1.099641374723847043e-01	1.125369424212999993e-02	-6.445189515832940863e-01
2.838754432849325826e-01	8.475934864448239070e-01	-3.190910081221398076e-01
-9.674174032903409826e-02	-1.154339019595407967e+00	-1.904897431232545069e-01
-2.471737635822763013e-01	-1.063672155812237508e+00	-6.372233349811127212e-01
7.109185014139598469e-01	-5.110981799616887145e-01	-5.055033747895439911e-01
2.935585356510221899e-01	-2.749158373283058787e-01	1.879769182081071077e-01
3.445423854750789272e-01	-2.687811189304266102e-01	2.323912083171935927e-01
-5.493720914540940053e-02	-2.544408999651913139e-01	-8.269763290420278912e-01
-4.082219134601639682e-02	-1.131316129457258679e+00	-2.400795314096036137e-01
-7.038506234516886950e-01	-6.150740971216404063e-01	1.552445279084886387e+00
4.848092027042252838e-01	-1.950163296714313987e-01	1.986483727884013895e-01
5.327500639713357300e-01	7.932398631040502579e-01	-4.256007759835667148e-01
-4.090172936658650199e-02	-1.135215665348878966e+00	-2.318618572672409006e-01
7.372842650673069875e-02	6.351572755417920213e-01	-3.822090282097391212e-01
-9.276135710633270914e-01	-8.127461538397440233e-02	-2.913675549059411840e-01
-7.718729392548480395e-02	5.727333645981578236e-01	2.284504433937382117e-01
-6.758588686458525396e-01	-1.290868989177553328e+00	-2.145435018877402122e-01
7.401298248644700047e-03	-3.176077504334979817e-01	4.341650095599858261e-01
-1.578552049943351132e-01	-3.417010874767754114e-01	-6.957743181888411677e-01
-2.054028754179512972e-01	-1.168739523181337336e+00	-6.989188152239454999e-01
1.358810360514429993e-01	7.644323937209331898e-01	-4.648143004873468986e-01
-2.178592120478708982e-01	4.822705851726010740e-01	1.682547390353887229e+00
1.788767475886360869e-01	7.572505130821032271e-01	-7.568971066548639548e-02
9.505709306504139811e-02	-1.118506085535001526e+00	-3.068298935982692877e-01
-6.859378419559153395e-01	-6.549800604715642072e-01	1.545654178684847002e+00
4.390383327062269969e-01	-1.073089169005007060e-01	-2.450263948261094948e-01
2.268621665103791041e-01	-1.224198114468087129e+00	-1.418080798457491132e-01
2.650729501591710113e-02	-6.143036449698309198e-01	-9.361651254275176193e-01
3.029946031833934961e-01	-1.159406005155363184e+00	-4.129859504132071257e-01
2.685776177069700010e-03	-1.287450431417266061e-01	-6.482886283955655582e-01
-7.880192823918689971e-02	4.649505940822589167e-01	1.268538908668586929e-01
-1.247644543584863319e+00	-3.116885012189209853e-02	-1.285165906604734953e-01
-2.360365598895919070e-01	1.703072807255230081e-01	1.773147835383962256e+00
8.200999774634140649e-02	4.746506045695287890e-01	2.464926640761800070e-01
-2.765887567329706198e-01	7.914461306871002355e-01	1.446818563217168396e+00
2.456185293237712064e-01	2.086424801266137941e-01	-3.524070628717047016e-01
-6.497514038854023122e-01	-7.382484919729354056e-01	1.603136887337515359e+00
5.546100798195690018e-01	7.959210183272477090e-01	1.250180649431530122e-01
7.862049081296196285e-01	6.185065312806620197e-01	1.234696430032091036e-01
2.156190498310310011e-01	1.378817660233224995e-01	-3.782706174512781017e-01
-6.042763200403168389e-01	-1.426974766123531690e+00	-9.393986705976460627e-02
2.315481269736070075e-02	-1.806513028266278076e-01	-6.965001533557308999e-01
5.153346898190873659e-01	-3.791526499081009777e-02	-1.676126106624964973e-01
6.783980208846319970e-02	1.077469234913316809e+00	-1.380607853814339869e-01
3.318715534970959752e-02	4.912635400139689912e-01	-1.052572625668513062e-01
-6.093868136928226598e-01	-1.161333109728388768e+00	-1.470172338731819961e-01
5.619981524995778521e-01	-4.218177778552311130e-01	-6.061299294916860925e-01
5.140659203060959914e-02	-3.754669283838070193e-01	6.952028586349599804e-03
3.354075603505479730e-01	-3.331209650471113060e-01	3.378386677955810130e-02
-9.396096611947039878e-02	4.569389282174703970e-01	2.810115927168718164e-01
3.070690562097299833e-02	-3.523342038323742931e-01	6.394222049426199865e-03
-2.519801913229007817e-01	1.681943164617483999e-01	1.747795837647125206e+00
1.566338726095052869e-01	4.767375654983854738e-01	-2.892702699184134252e-01
-8.200498465706996809e-01	-1.467548783636810072e-01	-7.162113926675220399e-02
-6.311295741188779895e-02	-1.067186542126965509e+00	-1.207727571839154052e-01
3.294535740929245837e-01	-2.597154627948995986e-01	2.250010685119324949e-01
2.246724180265129989e-01	8.307999292165726413e-01	-3.649233727972123198e-01
5.165536660788727641e-01	8.016830529930946136e-01	-4.332678033773563753e-01
-6.991041893769430748e-01	-1.099595178991616518e+00	-2.375225250091478890e-01
-5.544761916295477544e-01	-4.146114755836838861e-01	1.434337530705543096e-01
1.508413474915497876e-01	2.286383107936144909e-01	1.511917852924719474e+00
4.780922369475958944e-01	-1.948886746630351940e-01	2.008854819121345114e-01
-3.412727259846289746e-02	1.144007558268499980e-01	1.840622771604395025e+00
3.841208563202058723e-01	-1.233309788144649310e+00	4.684585190182039699e-02
4.456785734210316763e-01	9.639497963345499201e-03	-2.659518234618827859e-01
-6.923715321060897043e-01	-6.219648966962322278e-01	1.626420949081512912e+00
-6.857379402576172511e-01	-6.817488477443354178e-01	1.567707608993657242e+00
-1.237517445269742389e+00	2.892799125019571149e-01	-1.180182362350291059e-01
6.129574880683479748e-02	1.094102282101637957e+00	-1.419954434767513873e-01
1.416435602648395131e-01	-1.231737678774794953e-01	-6.830025391497587250e-01
-6.617521578773409852e-01	-1.268609474315385066e+00	-1.992287546874381976e-01
-6.151955929879489998e-02	1.072035171906285944e+00	-1.707826345024746895e-01
-8.094875985603308122e-01	3.655814339939399832e-03	6.908682918928399364e-02
3.909054419773300149e-02	-3.640369152644080258e-02	-6.742179888133529309e-01
7.756649997799690277e-02	3.395753316357326135e-01	1.605424683696770716e+00
-8.236462845440004621e-01	-1.894800258163948925e-01	1.056365398987228060e-01
2.340002696441512986e-01	4.150231297727061119e-01	-3.093751838538449928e-01
1.651565144302168109e-01	3.635568580361271951e-01	-4.125062023324471139e-01
4.109515412253156863e-01	1.004676429749479682e+00	-3.197373883166909070e-01
-5.906462965007839294e-01	-1.275084444925710381e+00	-3.923686163417123840e-01
-9.501695146939879988e-02	5.566957125631952774e-01	1.549049516006493876e+00
2.349034272818532887e-01	5.707398962303109613e-01	1.789250713551223948e-01
7.030011012413402982e-01	-8.682072478420410633e-02	-8.258547942681519760e-02
2.476907601809510973e-01	-5.107612460040736879e-01	3.680780237417554113e-01
-7.266938119894969517e-02	2.122862838529311069e-01	1.736842550796113827e+00
-6.851658373449965866e-01	-6.501650815225140656e-01	1.548885661141169434e+00
-6.323289685611499511e-02	6.493821588753226903e-01	-2.547859712212409145e-01
-6.136132443368468303e-01	-1.453268891429310816e+00	-1.390562975474975982e-01
-5.170444596697140044e-02	4.503384399191777132e-01	2.638813128419916776e-01
4.324153912297550029e-02	3.338825993139750148e-01	1.507898736827113284e+00
4.796804427707155871e-01	-1.220626197386934786e+00	-8.150982920226540474e-02
-1.505664920107901983e-01	6.157245154191076653e-01	-2.848299883761442053e-01
4.961275051981659662e-02	-2.939848017869879995e-02	-6.435062287385069357e-01
-1.012114672661427850e+00	-9.701769992159320344e-02	-5.899720738781030066e-02
1.142367628215060042e-02	1.077431889007402832e+00	-1.447274475390067094e-01
-5.829362879987819851e-02	2.030576189225364869e-01	1.632087613226624212e+00
9.104773421783669829e-02	2.307614619935204892e-01	1.584631158239427018e+00
-7.701459450624945635e-01	-7.960846361588440334e-02	3.500794378381633098e-01
2.863196198131298109e-01	4.400726627621599774e-02	-3.693190893361384952e-01
-9.955081460183790032e-01	-4.840013669316606815e-01	-3.552597129635535755e-01
4.119596633913064077e-01	-6.822961013053520374e-02	4.034093053707110132e-01
3.111465644104777772e-01	1.006450356934488921e+00	-4.281315432425777945e-01
4.229447004654935949e-01	-1.228958748735491824e+00	-3.463833208048163748e-01
8.899053349045669969e-02	8.335054844561703424e-01	-2.533465019209341085e-01
2.506644088800630277e-01	5.291354677364775716e-01	2.058967543742636908e-01
-1.035754779051373947e-01	3.095954432887679242e-01	-6.080522448232748012e-01
-2.254794825554884974e-01	-1.482421739941644168e+00	-3.270275817189042811e-01
-7.681784569713590027e-02	1.064910310891712841e+00	-1.796617405409562940e-01
-5.688550185120379993e-02	-1.134043799919311590e+00	-2.410464267492807011e-01
4.888091360819207809e-01	-1.213524750807907893e+00	-6.946627195180669900e-02
-7.629106685656189546e-01	-9.527525174962890586e-02	3.182103534545966950e-01
4.885345028942059825e-02	1.383391672474862943e-01	1.792408460785424262e+00
3.584534355390116001e-01	-1.185850564100575211e+00	-3.979754036087361779e-01
1.815145884975550017e-01	-1.260788336403849241e+00	-1.032206740861354027e-01
-8.052197527790415643e-01	-1.469433797271406106e-01	-1.030989580327093952e-01
6.461166879567065147e-01	-5.921983730393113321e-01	-7.221839769582012458e-01
3.764100802080900809e-01	-2.952106368002272996e-01	8.364442574673179587e-02
2.425902817689404023e-01	8.442466674119561976e-01	-4.423098978071118847e-01
-1.194771668584740043e+00	-3.346796707829489959e-02	-3.726441903523580040e-02
-9.905555440884930563e-02	3.273617391411323130e-01	1.748738231289654665e+00
-8.761617496939989869e-02	6.394557094811152975e-01	-2.758263759056407971e-01
5.815978594822650560e-01	-4.980719420793757179e-01	-5.359234161909545158e-01
-2.589720051535041034e-01	1.128367485744681958e-01	1.758965022110524856e+00
2.730443517089519920e-02	1.096768315208487721e+00	-1.617171455394731117e-01
-7.996061305713700329e-02	-4.753770178329961849e-01	-8.951400432269815965e-01
8.160347945389659352e-02	-1.577219251009021050e-01	-7.304329136784269982e-01
-1.146801859307173155e+00	1.824400809781855926e-01	-1.948639994349052884e-01
7.403351954864929862e-02	6.360050867698247012e-01	-3.849494544401492191e-01
-6.088255123768413490e-01	-3.879566021137565990e-01	2.199111981798017867e-01
-3.498133556304733882e-01	-1.216303475752537278e+00	-4.913877990584020194e-01
3.685599615766613213e-01	8.481387129343384013e-01	-3.211870738834265993e-01
3.287187678661890877e-01	-4.058311412075967239e-01	2.199651804217470086e-02
-1.277465358096579351e+00	2.108487189751666879e-01	-3.016107936437679993e-02
6.011021730074244118e-01	-6.736034406885255121e-01	-5.516494270379590503e-01
-1.143814023224147158e+00	-6.574159164369780539e-02	-8.529898837801909439e-02
4.599424616982554226e-01	-1.288997372313036127e+00	-4.751058135819530293e-02
1.504212265038684937e-01	-4.095143086564915769e-01	4.407473799225726241e-01
-5.574210296270509790e-02	4.526422923947355237e-01	2.563611791043067800e-01
4.428958762818385742e-01	-1.339255380312862065e-01	-1.389896580093926137e-01
-1.434365296300071924e-01	3.940818486721646141e-01	1.652592671675157110e+00
-1.130976669698241954e+00	1.844224387476496863e-01	-2.056523060375846090e-01
-1.119528633459735967e-01	3.331420645931827962e-01	1.731084333319253155e+00
-1.918326189395389014e-01	6.113899996285513394e-01	-3.086896387047726176e-01
2.381473493300337863e-01	-3.444556757182000162e-01	4.189265382114933933e-01
-7.325684229395111879e-01	-1.206159831435573038e+00	-1.937998629141969020e-01
1.775709610652367043e-01	9.199401707377642401e-01	-4.276303422396158793e-01
-5.196658696694178570e-01	-4.180957871795862868e-01	2.111533378939995931e-01
-2.710737419456418773e-01	7.612657674554633713e-01	1.374646701317607356e+00
9.113117177063080609e-02	1.301181261911235898e-01	-1.973404981947926018e-01
8.323012627721269874e-02	-1.029206561515269014e-01	-7.396794477499120113e-01
3.521390377403065819e-01	-2.101024362655944111e-01	3.694696322560757085e-01
5.453555347845916446e-01	7.654739818199113310e-01	1.382279383914573889e-01
-7.806433678788369246e-01	-6.988028068790929082e-01	1.474474657997944638e+00
-6.421039479947708850e-01	-1.263282199358647828e+00	-7.357607621862620462e-02
7.028891755998548652e-01	-5.997257834112820069e-02	-9.751391625478250669e-02
-9.206840109119098781e-01	-6.428398637073889921e-02	-3.056883977067559877e-01
-3.207873009435425748e-01	-1.219814221128103560e+00	-3.787187040270251770e-01
3.607904427579088913e-01	-3.025230308617435915e-01	4.964293740016310214e-02
1.037312880426829037e-01	2.426452333560825125e-01	1.583446168121485753e+00
-1.674960605795798030e-01	1.893485621934790086e-01	1.484333617421240259e+00
5.471806863582155955e-01	8.069897064602811199e-01	8.228064623124460575e-02
2.577107803542696973e-01	3.585420861157730121e-02	-2.859054731933767801e-01
-2.390825148706677006e-01	7.980077856765256383e-01	1.453779440184868488e+00
3.412154988410603940e-01	-1.249763317010345043e-01	3.329098561966337133e-01
2.523804230478796096e-01	8.928660535024719458e-01	-4.159394911893611879e-01
-2.797007150178800177e-03	-6.084820660572710233e-02	5.074979738475799904e-03
3.387200485317645171e-01	8.618347998485705874e-01	-4.161453307822505221e-01
-6.247272581029846839e-01	-1.129266941800591395e+00	-1.481971551628294137e-01
-4.022459256373939196e-01	-1.221630047711748324e+00	-4.570967868006968193e-01
1.002650092470207949e-01	4.564236774071814273e-01	-6.847457763803829756e-02
5.315753500321300333e-03	7.140840674768240692e-01	-2.789291060025784197e-01
-1.364909593434978918e-01	-1.204314120598328097e+00	-3.303734022338942755e-01
7.138956765910089985e-02	-3.785083482697362833e-01	6.710771870366100122e-02
1.919096448156500101e-02	2.707891363469531743e-01	1.513631362742710484e+00
2.283912294251873032e-01	8.342958318827441433e-01	-3.681587175310542803e-01
1.365918744897655079e-01	-8.841681608578169649e-02	-8.036232911524888722e-01
3.053595824302540035e-02	-3.954106170541457077e-01	1.812385768068200094e-03
2.734448266263109772e-01	2.930559098281506070e-01	1.781429476059430250e+00
5.153991733324564395e-01	-1.777023563347308877e-01	-7.487012046829095713e-01
3.722926998906103124e-01	-1.382461825040172954e-01	-7.372123517701604234e-01
3.384072950013676806e-01	-2.573163075045685755e-01	2.313470255294269862e-01
-4.460159348153343029e-01	-1.169027260557087722e+00	-4.337263150045103099e-01
8.436370123187800565e-03	7.102977799947963744e-01	-2.843431986679674783e-01
-9.465492909866599427e-03	-1.909113069227124093e-01	-7.206992662602366151e-01
5.323297329078373608e-01	6.731324550244099925e-01	-2.706963453970082090e-01
4.661141519066336891e-01	-2.004359893191580977e-01	2.887255555755339764e-01
4.605483163037171757e-01	-1.423315258008831741e+00	7.836952876081529351e-02
1.563928625105769077e-01	-8.443087957027449464e-02	-7.030155375013033003e-01
2.713861103047520151e-01	-1.334358715586763999e+00	-2.512603336610058080e-01
6.606107611480541708e-01	8.721633852864725256e-01	1.726480994554019099e-01
-2.976895742788175925e-01	-1.133091669229906007e+00	-6.688838717960108315e-01
1.948861898308784923e-01	7.404085606269805719e-01	7.345617378917529416e-02
7.461658306971015175e-01	6.923009083381467255e-01	1.186749160173479062e-01
2.877784999694826262e-01	-1.324297590642119715e+00	-2.205728433840805913e-01
-6.480961417831880567e-02	4.500767888593159016e-01	1.661851428073991332e+00
-1.247835148412557826e+00	-7.588950421841890448e-02	-3.615494260489970219e-02
3.505419910539858130e-01	-3.343936201976400180e-01	1.500359999219635920e-01
9.978891202526049553e-02	1.234264905443537980e-01	-5.966736270726127334e-01
1.194762002607558937e-01	4.384564637193942849e-01	-8.850877889096089857e-02
-9.855539954468127695e-01	-4.986105742408225017e-01	-3.638111475514717030e-01
-4.768691829966710816e-01	6.025720710514562706e-01	-3.303294454911002154e-01
-1.867253271008617044e-01	6.942831131764810593e-01	1.547796736366501502e+00
3.191484839776542737e-01	9.426915787444770656e-01	-4.199161194264596775e-01
-7.327793785814512573e-01	-4.087171298970990185e-02	2.757287805184157059e-01
1.315744603272007984e-01	-1.032357359382748974e-01	-7.719137609798625288e-01
-5.409229949607319982e-02	-1.976827436298793095e-01	-6.757834297802085555e-01
2.075284670611337867e-01	-2.597718775486843046e-01	1.506104120516905120e-01
-7.338179027852559377e-02	6.470960764558384426e-01	-2.686697914192617831e-01
-2.011744319205279949e-02	5.287115704247740133e-01	7.993609857350519876e-02
-5.726962197673716171e-01	-3.770666010988821260e-01	1.018959386635120007e-01
2.468750937153836866e-01	1.092971240482669935e-02	-3.076985733662679912e-01
-2.496466993682799063e-01	-1.145326138434705321e+00	-6.232696180646523088e-01
1.441460221210565107e-01	8.240046037095679621e-01	-2.821278177146349098e-01
6.257781177858739996e-02	-3.270139712018584888e-01	4.839432396764929978e-01
-7.042674815030548485e-01	-6.761313693838930106e-02	-9.999318891575730006e-02
-5.864040293106969060e-01	-1.272675812139559604e+00	-7.912216603448779528e-02
1.183582961133000933e-01	9.467929072800940205e-01	-3.068626490190922151e-01
-1.503891696914516074e-01	-1.209586033263243765e+00	-3.471628073869942877e-01
4.330966091388314121e-01	1.016146200003186895e+00	-3.125439161376640240e-01
-5.558830150106428558e-01	-1.403804722477418387e+00	-1.431616241731676065e-01
9.915143418961269717e-02	8.786312120251919822e-02	-2.883196562356593051e-01
-1.412942930720250956e-01	-2.230300422630815960e-01	-8.370206873700851702e-01
2.033488963940260075e-01	7.267732077403624702e-01	-9.539678068249969611e-02
3.351242379768410995e-01	-1.813682743197705116e-01	2.716341246561950196e-01
5.079168986255769846e-01	7.898816649992714822e-01	5.309747599830159925e-02
-2.342440501426225063e-01	7.986817237674659342e-01	1.453034353335401763e+00
3.575754535692292069e-01	-1.243811169835393055e-01	3.677574268327684082e-01
-1.033958486495722001e-01	2.168340861973770961e-01	-3.282930994758221921e-01
3.659582903522489161e-01	-2.658296111821932817e-01	2.223786390974415994e-01
-4.248996173442359248e-01	4.628693359257037843e-01	-2.753852180160791252e-01
2.508523918779037021e-01	1.060725652572335059e-01	-3.760686638157362816e-01
-6.148510186255172760e-01	-1.445967209155494260e+00	-1.348062010555025059e-01
9.620160569453879706e-02	9.965562655362683042e-01	-4.115289529356839227e-01
-8.840788753884319673e-02	7.345524796682859625e-01	-2.563389543434647089e-01
3.546836637114090807e-01	-3.299447019447996898e-01	4.488187758807830191e-02
3.689573592296028770e-01	-1.095120942530497521e+00	-3.295330352963428133e-01
5.684713955147029790e-02	1.517307261146043917e-01	1.739481426174632528e+00
2.532091348333477265e-01	-1.240522597663405779e+00	-9.025368263583749551e-02
-5.099973544390499214e-01	-1.275257453963158039e+00	-3.996670783418954098e-01
1.220392318136166998e-01	2.198395578800927952e-01	-1.157531693145904955e-01
5.854318985050060986e-01	-6.706332945495904196e-01	-5.150778168670384627e-01
-1.205740455692710933e-01	6.353845652107267261e-01	-2.940571212535545986e-01
6.773785969018170094e-02	6.654126676826851439e-01	-5.199872787396449952e-02
-1.293188873725096943e+00	2.301801903079337963e-01	-1.262672413087080059e-01
1.375883521245149961e-02	4.223245669488026044e-01	1.661497458022724194e+00
-2.000281110632161907e-01	6.396603878166039481e-01	-3.500620776913456744e-01
-1.158878150205905067e-01	-1.068812759100885995e-01	-9.316155108280699954e-03
1.673609617145556117e-01	-2.885347352370189883e-02	-6.633670951467574017e-01
5.824765732578415234e-01	-3.681771034578649737e-01	-5.159956448866130918e-01
-6.792819227248589331e-02	5.238443691005310043e-01	1.666250452547761052e+00
-7.302707337573861590e-01	-9.194240341174519937e-02	3.389641575973120075e-02
-3.377900828827133939e-01	-1.196032278274299143e+00	-3.196228310698158159e-01
3.761092484447213224e-01	8.793126838980002136e-01	-3.632958043713194751e-01
4.360965877706859950e-02	1.100842037407965046e+00	-1.467885885543409041e-01
-1.436858107373220894e-01	7.910031284207610369e-01	1.353204068931049830e+00
3.323200684329142840e-01	-2.520005316681390162e-01	2.151375158013419109e-01
2.436455901083431907e-01	7.041545474651300651e-02	-2.767846041581664140e-01
2.785122164807076195e-01	8.541246311192421947e-01	-4.465193920322005905e-01
7.140363392677463450e-01	-6.369916674517698274e-01	-6.536178424647594021e-01
7.470707643936995712e-01	6.966902165585929785e-01	1.629755540850285900e-01
-6.574996107885813235e-01	-1.184509846480549244e+00	-4.148632282154174900e-01
2.883844269331913845e-01	6.668752537470419572e-02	-2.768696435656028965e-01
8.766577849878343098e-01	-6.988331389043644926e-01	-6.978575030380508304e-01
-1.013047006096690072e-02	-3.776203132699942899e-01	4.489862448839729847e-01
1.501380711475787944e-01	-1.273552981149584928e-01	4.685523900367329769e-02
-6.206171132542173119e-01	-1.123065151339145640e+00	-1.453405108786235966e-01
3.840682683922228002e-01	2.564121976192312857e-01	1.725553234370983846e+00
1.275168644870174062e-01	2.424507013889745100e-01	1.506581005188402766e+00
3.142681416481848955e-01	-1.277724521416061298e+00	-9.412548121316639815e-02
-7.911698389922709740e-02	8.856541185385420623e-02	-2.781901083581518885e-01
4.280062539825726931e-01	6.547537599951129550e-02	-1.479689246182457063e-01
2.273154662301420936e-01	6.367422640785632693e-01	-4.031732298606842124e-01
1.211334205909049971e-01	7.829297070022248617e-01	-5.154638778455973291e-01
4.521289295816274811e-01	-1.300301035611409306e+00	-4.380217915453220312e-02
3.240750304631039858e-01	3.351355346619747100e-01	1.740369246580970364e+00
2.839582202808689226e-01	-1.202028658333081923e+00	-6.519405919166390562e-02
-8.357979230820098415e-01	-6.144344703533299867e-02	-3.054453117342436075e-01
1.435603065852804061e-01	1.032197755519009830e+00	-3.989603455150839140e-01
5.869080578832289868e-02	-4.622491931652056851e-01	3.491853503675915182e-01
2.970387503706233834e-01	1.436968542709309016e-01	1.567805750642523366e+00
5.375034629898345351e-01	-1.445391407633210612e+00	1.523311075883241883e-01
3.265881821602634738e-01	-1.901837701445261986e-01	2.335307899086395134e-01
2.486821846359529853e-02	7.158854330736328375e-01	-3.405060558262393844e-01
3.747073562814496883e-01	-1.859926907424890030e-01	2.370502984051126028e-01
3.402799119222791879e-01	-1.713115504355144925e-01	-6.869952910237089316e-01
3.379069751565821900e-01	3.527079534039100073e-02	-4.225905841759607928e-01
2.371999801658968010e-01	-3.190194727486185822e-01	1.261871741740691055e-01
-1.135833705360299040e-01	-1.374009135652176194e+00	-3.500018360830626230e-01
3.432332836656720038e-02	4.340549897564037196e-01	1.517795391603096178e+00
-7.106989958996130508e-01	-1.101953001818104072e+00	-2.122898407512923136e-01
3.607884515839357986e-01	-3.334666818059465188e-01	1.568354556995900928e-01
-1.235593293353495659e+00	2.379726703075832894e-01	-9.786673035002819987e-02
1.468292860239824027e-01	2.875305432169308895e-01	-4.152662010435063111e-01
8.474141625393692978e-01	5.241699874038321383e-01	5.429881907398159679e-02
6.685051718188779468e-02	-3.928060537271857999e-01	6.160674470067020042e-02
1.295293901424272032e-01	8.291092842637414195e-01	-3.470256626717481141e-01
-1.133757760440354950e-01	-1.353472239402866650e+00	-3.688391826809990226e-01
4.984565604708692255e-01	-1.224316000619131151e+00	-3.485061883983019831e-02
3.911774448020888251e-01	2.549358605202530770e-01	1.720925104457769805e+00
1.683636795218423909e-01	-1.573904629443136027e+00	1.336697406069849992e-01
-1.593013999550499937e-01	6.553836365260068408e-01	1.412111599220971403e+00
1.986893307242480061e-02	2.929259438817655159e-01	1.608981141737790610e+00
1.175832382244133001e-01	3.383446854127304948e-01	-3.411783871387893963e-01
2.755728184651778934e-01	9.689966382303120129e-01	-4.380265799856756237e-01
3.873345505872440864e-01	2.812124313853193169e-01	1.746909257913939362e+00
-6.645390657957546132e-01	-6.332446151641352161e-01	1.572692719413809392e+00
4.793503398294428064e-01	-1.258383350554101776e+00	-4.431683033038971153e-01
5.385804893254159814e-02	8.109546660702329768e-02	-2.998666261564312818e-01
-1.177095540828111964e-01	4.458603908053618836e-01	1.666281685264730195e+00
1.048098490010990064e-01	8.028119253124474941e-01	-2.623894191473670201e-01
3.403932884788660185e-02	1.042509997567297786e+00	-1.822583853821209965e-01
-5.709950777939526434e-01	-4.380165351837682075e-01	1.279719090633288925e-01
-5.551753528258652759e-01	4.728171104347310139e-01	-3.756271317750575767e-01
1.894967661027278927e-01	-7.106062473883399677e-02	-6.920891458523237283e-01
3.777389544209848737e-01	-1.886656389164393932e-01	2.596822346137138138e-01
1.480494898607775112e-01	-4.047315713196318887e-01	4.776752351573830269e-01
2.389580003561311006e-01	-3.474321746416352275e-01	4.123793813847124179e-01
-3.739677262660560247e-02	7.284237055049760379e-01	-2.815808068853039026e-01
5.295961376373038432e-01	6.702088578191210955e-01	-2.792755586264735190e-01
-8.200604959203390276e-01	-1.584935851092071080e-01	-1.897945880386436024e-01
-6.782541312131589173e-01	-1.040088256306649583e+00	-5.015691995572419959e-01
1.116164300813649035e-01	2.958906743109905868e-01	1.661064843636379296e+00
1.075485491945577937e-01	3.031599278644608875e-01	1.681209899362490212e+00
2.601937410306959242e-01	-3.566808410392615092e-01	3.491472886067388259e-01
-7.305814035538037432e-01	-6.966717331916325584e-01	1.446521604746865419e+00
1.731684042274264090e-01	6.743973453827146747e-01	-9.099937402525480612e-02
-5.584454474381929101e-01	-1.277918768959639628e+00	-3.819115839900845133e-01
-5.610225241146520048e-02	6.721557356748970591e-01	-4.084313817137085190e-01
4.059385851595755934e-01	8.237048332681866647e-01	-1.673877707121010916e-01
5.925302322397675292e-01	-4.856940015539275013e-01	-5.014412463653611374e-01
-3.639571504912281208e-01	-1.222436948846662430e+00	-4.571940693343756190e-01
5.250153777828420187e-02	-3.426912926818063143e-01	2.051042475192560097e-02
5.282530581623450239e-01	-1.924986952335276946e-01	-7.590633509637828569e-01
7.711259963638114057e-01	7.067786138395870665e-01	1.345239611424071946e-01
-2.030848432125534897e-01	6.598780916345383663e-01	-3.537536920767463955e-01
1.997091116907477870e-01	8.582481379210897821e-01	-3.064893348411302232e-01
3.619822661644699936e-03	7.059441218742856794e-01	-2.509901623069871190e-01
1.973074351159775919e-01	8.687031607227542196e-01	-4.013299923621880261e-01
2.624391762008437268e-01	-1.191537919418022895e+00	-7.745452055770360444e-02
5.995403797268507029e-01	-1.496241208743916529e+00	1.594906951025281128e-01
1.200050012014830005e-02	1.097501281985925337e+00	-1.210818715849002053e-01
-5.761256814472792698e-01	-1.272925638996274422e+00	-7.882048222174120600e-02
-8.374577410464186800e-01	-1.414256338394928036e-01	-3.233652927814930078e-01
3.635089154955283841e-01	-1.667361828509049126e-01	3.804261125012716738e-01
2.482987314352569919e-01	1.939026030306080159e-02	-3.150434842607052199e-01
4.362619026903671871e-01	-1.115041404447812967e-01	-2.264745600104970114e-01
7.737678656619249862e-02	1.714545750232432109e-01	-3.102524348447868729e-01
5.441126109425239443e-01	7.598017929563682937e-01	-2.367808955681419969e-01
2.382426893890909891e-01	8.019689951952313489e-01	-3.651694034168362912e-01
6.191703354675138771e-01	-1.061504427971795006e-01	-7.163955256235324809e-01
-9.246776831198309787e-02	2.274299297975752865e-01	1.731860078139409120e+00
-6.759091530826863981e-01	-1.149047444847665078e+00	-2.049594254392526904e-01
-1.625323185378887980e-01	5.542006183700569633e-01	1.510191422490693158e+00
7.636164305568523547e-01	6.132738985967997047e-01	-3.749260213023970084e-02
5.873072908304350914e-01	7.654375451738794078e-01	-3.277831206514614792e-01
3.602595164043770892e-01	-1.155398595931288686e+00	-3.773385310245919166e-01
4.365383513143313854e-01	1.368519852970380077e-02	-2.700494160164668145e-01
-6.025214311421565050e-01	-1.066604552734375932e+00	-1.714091634239497119e-01
-1.995440513756575052e-01	6.502588173992336351e-01	1.445326869228118261e+00
-9.347145969099000112e-03	2.113670467854766033e-01	-6.105264144207840360e-01
3.128388833988857143e-01	-1.234923735902297315e+00	-2.300289121548297067e-01
3.363514748202061089e-01	-1.341910792931454988e-01	3.303603149720145127e-01
2.249397857756678942e-01	7.347141405076801357e-01	-9.029322141110740496e-02
2.658785931192202967e-01	-3.634805623546208952e-01	3.465718068911504135e-01
9.927256892727609472e-02	9.788484895375867412e-01	-3.973581424116506833e-01
-3.540082397104569734e-01	-1.159838691352385043e+00	-4.274109808680758849e-01
1.987868840112776980e-01	3.210963963926733999e-01	-2.824606877432330188e-01
7.636627575318986061e-01	8.233406982529619667e-01	1.069660160330307974e-01
1.105790631968989052e-01	7.338468139160595483e-01	-5.013773789499631484e-01
-1.184223208948214756e+00	-9.832389787721189378e-02	-6.389530879158329679e-02
5.657504612847070319e-02	5.037254806968212151e-01	-2.833065730929437143e-01
2.044453546635169872e-01	7.403107493178613385e-01	-1.132945511759541057e-01
-6.073991779945989711e-01	-1.426484732513419118e+00	-9.623752277551220202e-02
-1.015979858330735786e+00	-3.936262609006218050e-01	-4.978877508054856960e-01
-2.096123672557765882e-01	1.689791677969235961e-01	1.731520642393076681e+00
-1.336808059820553118e-01	4.375976879647482942e-01	1.651955830700953864e+00
-2.611371383371294819e-01	7.676463805029519749e-01	1.365853140841849722e+00
-7.316744449386655136e-01	2.389197263865189963e-02	1.126900211425654053e-01
-7.567657049418879955e-01	-2.405040865587640062e-02	2.656587652573845215e-01
-1.928048366984946027e-01	6.331405718046868580e-01	1.467054656256511880e+00
-2.520134267308767884e-01	-1.205919469155912749e+00	-6.764457950288348398e-01
1.535166711164956121e-01	-1.094892135717026038e-01	1.768350293259919950e-02
3.737587498176406231e-01	5.985229182591900177e-02	-3.922121074830817733e-01
-1.043495122662815022e-01	9.861475699341748502e-01	-1.425000820857360018e-01
-3.743370356710230135e-02	-2.108148846200408877e-01	-6.749572159686125783e-01
-1.084638577383512936e-01	-3.116349229312174174e-01	-7.485333325926063486e-01
4.970948231586437838e-01	-4.252837961938429889e-02	-2.074351044069303041e-01
1.079046366307646054e-01	-4.012595847839411922e-01	3.369159497374583090e-01
-3.380053496903872023e-01	-1.210510000050359691e+00	-3.782996536128153120e-01
2.800561977159429228e-01	9.801283611073922097e-01	-4.390947359082102985e-01
-6.086535705399519908e-02	5.527638416176008374e-01	7.671151761645610134e-02
-8.985085674854470517e-02	9.597592512208749649e-02	-2.551659283853269233e-01
-3.490190180322966240e-01	-1.145440019350060679e+00	-6.889962490589152111e-01
1.626877378187462919e-01	4.236955821190309113e-01	-2.999999970319510156e-01
2.026225490456290065e-02	3.155548224752993125e-01	1.484462257062107993e+00
-5.289236888748473087e-01	5.558764154710393868e-01	-3.132584908153832060e-01
-6.256577292729667006e-01	-3.846235276575111217e-01	2.144648485906505975e-01
5.484363109009270099e-02	1.019281200170118806e+00	-1.896312235801481949e-01
2.046977600641589068e-01	8.091982524312519853e-01	-3.235717022944892274e-01
3.728818803251272018e-01	-1.879997837020598028e-01	2.019841965418822938e-01
9.396390651728279975e-02	7.963119182082305514e-01	-2.555372654927974829e-01
2.593460127169530116e-01	2.488647048625252101e-01	1.777098449758371501e+00
4.625431451478307920e-01	-1.235448449852185604e+00	-4.674657916775643018e-01
2.728659814190390054e-02	-3.469354345172139253e-01	1.403282235588799998e-02
3.764304284039111104e-01	-1.152254037878933213e+00	-3.700637468182090273e-01
5.985450476843854339e-01	-5.552017728000697705e-01	-7.909075358929181787e-01
-2.441307957995114131e-01	-1.193952466228509035e+00	-6.138219941936298163e-01
-7.325705927177896815e-01	-9.981177962551779359e-02	3.481280378121220931e-01
-4.792702149583100146e-02	7.119613262920382324e-01	-3.965819861419969117e-01
1.905565630370270047e-01	1.046360131989646725e+00	-3.604877864941650745e-01
-6.095214926729144445e-01	-1.301008289588051037e+00	-9.223180281082819787e-02
4.910710063912205880e-01	3.907972306144827934e-01	1.539078761127957495e+00
5.758953488544746868e-01	-5.144294950228107677e-01	-5.379440875431068525e-01
3.880608687205764906e-01	-3.016143735980689744e-01	2.206131489517679928e-02
-5.122239296471949727e-02	5.435299059151513790e-01	2.364005375221950034e-01
2.688278032821956876e-01	-1.312308717395706870e+00	-3.804875269693520218e-02
-9.784070391509529507e-01	-7.599783580661209625e-02	-2.671290283593589776e-01
1.787909457739169927e-01	2.958284065212560265e-01	-3.855262185825206744e-01
-2.162845076904172936e-01	-1.228875784490682133e+00	-6.277485272359794033e-01
3.661577439690751890e-01	-3.876174694910842211e-01	4.354807438177089873e-02
1.557853856459595066e-01	-8.449987549249760033e-02	-6.878375647859696906e-01
7.079731648921541165e-01	-5.188955764109572932e-01	-5.274927645370911522e-01
3.841584039865931777e-01	-1.566135778092047071e-01	-7.106078949288729962e-01
1.415323879483220033e-02	-3.409194187664563169e-01	4.954926206225461760e-01
-1.285435852284818881e-01	8.079387887730020701e-01	-3.023004753379119891e-01
3.654374998236230299e-02	-2.683307799114317271e-01	2.407141720599229873e-01
3.025168752680605921e-01	9.586178247093555260e-01	-3.854162455210615734e-01
-1.401778287820915903e-01	-3.123367846933550740e-01	-6.797731822868505747e-01
5.774318834119460120e-02	6.329514950822200114e-03	-6.850659939309715618e-01
1.397162409160367935e-01	4.264020698021320221e-01	-2.434120098700280066e-01
-8.979054704351986382e-01	-4.205323888902693930e-01	-2.356764922152596864e-01
-1.947790143185269829e-02	5.932518836783400307e-01	2.073873818403975944e-01
6.242780685076743108e-01	-4.883847793657478120e-01	-5.054635205872529680e-01
3.542407579974534149e-01	8.512673330830986540e-01	-2.545728539282828828e-01
-8.306066113973289977e-02	1.935431099222691964e-01	-2.939310082431343951e-01
-4.459944741800780238e-02	6.912920472495373003e-01	-3.637333109459643943e-01
-4.025782351977119089e-01	-1.247577926116853808e+00	-4.341891966914990797e-01
1.665361288632569853e-02	1.093145110133337150e+00	-1.281797031763347028e-01
5.929701745452770068e-01	-3.457150993855966914e-01	-6.058817566846240732e-01
-2.193472851664448886e-01	-1.210284540402890352e+00	-6.288373028234850448e-01
5.809163254484600060e-03	6.685245788337120798e-01	-3.942189158344919786e-01
1.353993214788720978e-01	-1.248237934397992965e-01	1.576746445602303093e-01
7.783540217320182864e-01	6.779192656692597518e-01	1.420254816579895885e-01
-5.124856753413190025e-02	9.944498273638274766e-01	-1.830897186690814971e-01
-3.457184120609463895e-01	5.436810472270183769e-01	-2.423636350726262878e-01
5.094015890368518429e-01	7.759927852034210760e-01	8.687803389589579539e-02
-1.726683072291010923e-01	-1.417134520462685954e+00	-2.155994212679774868e-01
-1.046595258729157013e-01	2.859626363376010019e-02	-6.328978949284074229e-01
1.998779515094019910e-01	8.649555953090190541e-02	-3.001676748000928208e-01
3.910794100901481829e-01	-1.242271777766822405e+00	4.676248253607880045e-02
-2.077074944445715943e-01	-1.380993507472617621e+00	-2.418726496819605110e-01
5.375604041658020860e-01	7.974707243214480545e-01	9.550432246040610473e-02
1.061252937282042980e-01	2.635786843357317832e-01	1.627981443523851102e+00
-7.576307899722641848e-01	2.268674954764480015e-02	1.275801423414341940e-01
-1.912549530800002062e-01	7.882112985516194215e-01	1.507794819161391464e+00
3.219286738189400809e-01	-3.192113919710258263e-01	1.114072876952629937e-01
-6.016348798516893970e-01	-3.649421917646504809e-01	1.888477106412730089e-01
5.755428722480646631e-01	-6.529663557095436444e-01	-5.195637468340086329e-01
-7.701057318528262696e-01	-8.446034121853640553e-02	3.396374373631326771e-01
5.909030861226725051e-01	-5.450256542165360374e-01	-6.183425587640295484e-01
-5.389924507683652166e-01	-4.164722572191538186e-01	2.780908851226642775e-01
-3.627069214850396905e-01	6.946227894950288695e-01	1.514399689923873416e+00
2.476899964035667034e-01	-3.445921182218559253e-01	4.341477315247789237e-01
-2.419904983457497882e-01	-1.087457141851552178e+00	-6.806985886792547014e-01
3.276208964135015056e-01	2.378972783447844963e-01	1.562089901677067294e+00
3.986150709988632856e-01	1.017157363794419789e+00	-3.089054033889869766e-01
1.502587488274159944e-01	-1.090792804537542987e-01	1.442725978714549939e-02
-9.856413664245579354e-02	2.082460307796152044e-01	-3.338528567931285940e-01
1.629744079902805953e-01	-1.395037072902186037e-01	2.948629550442296021e-01
7.178994534268839933e-02	8.841821764796829741e-02	-5.928459392972217357e-01
5.252495592233599742e-02	-1.558247498554464983e+00	1.241042104225995035e-01
7.344809931920440738e-01	-4.990226997037117140e-01	-5.713521245164142615e-01
1.188694487819205031e-01	8.027589141843922693e-01	-2.651499973683213995e-01
2.941286614425442925e-01	-1.326757484028741885e-01	-7.126384981460945900e-01
2.648048303585385788e-01	8.065321424582124754e-01	-4.237946731900467112e-01
-1.094637433723735009e+00	-1.522667843667179985e-02	-3.132611632800250123e-02
1.405495937244723992e-01	8.605766791603006727e-01	-7.401369256769439742e-02
-4.139176496148679746e-02	7.084768821585817333e-01	-4.071976212776575177e-01
6.759518888870094111e-01	-2.021151857053631040e-01	-1.065384613751897969e-01
2.817550375920752082e-01	8.079884931698558814e-01	-4.186829824616661866e-01
1.986964530992894051e-01	6.011244590488753481e-01	-4.418274686327853806e-01
4.727788546849828744e-01	-6.507857400308805218e-01	-9.253918900518206536e-01
-8.369781350700815636e-01	-1.341956902341897018e-01	-3.174159703750205064e-01
-7.724248255722460099e-02	3.591996562161990925e-01	-5.031638476244086888e-01
1.592156110051907991e-01	-9.223040384122389856e-02	2.746040349050659843e-02
-3.578126763142779887e-01	-1.188678541799638166e+00	-3.695700140791570165e-01
6.567707037007990134e-02	-3.678556403580344747e-01	2.802741741286480029e-02
3.496438429266510162e-01	8.859101897799857017e-01	-2.693338168074774219e-01
-7.573007908855424741e-01	-7.684442106255880145e-02	4.939691995484019743e-02
-1.034593959608316682e+00	-4.027514161171570906e-01	-4.637386936121585812e-01
-9.108782831294069682e-02	-1.134722706308986862e+00	-4.178215720951650169e-01
-9.938379607544945982e-01	-4.955701198650994121e-01	-3.630547409728414054e-01
-2.049291735446693019e-01	6.836376188465392856e-01	1.390241156114671250e+00
-7.311007306295732588e-01	-7.515336239639999749e-02	4.060783242319609965e-02
-9.216183892982510173e-02	-4.962194830442360344e-02	-6.570610138527125388e-01
-1.386885941695492064e-01	4.525660247497242938e-01	1.660902811452582561e+00
-1.011727082722937876e+00	-4.637754464137142096e-01	-3.110578000850385272e-01
-1.846036024178440982e-01	-1.414313285092545502e+00	-2.252586976425375032e-01
-6.055563368528322776e-01	-1.033646933686710012e+00	-2.042914320016983032e-01
-3.562719977498615131e-01	-1.158697160098359102e+00	-3.945471797712877260e-01
-4.002712703739200011e-03	-3.367053592766243164e-01	4.323548756677565996e-01
-4.218715307388769958e-02	2.306223582116317117e-01	1.758589370414715303e+00
-6.104897583258663829e-01	-1.068343385677899438e+00	-1.520938265694765090e-01
6.098087553638487091e-01	-8.347465964515489445e-02	-7.472705619232339336e-01
-8.270925409840704789e-01	6.561193955229199792e-02	1.102387627028443007e-01
-9.020350159717349658e-02	6.499203563830781016e-01	-2.877879449354968089e-01
3.309938842222733824e-01	-9.408144744601800585e-03	-4.701935816904899146e-01
-2.190301424574362110e-01	7.015344320871399475e-01	-3.448498889500239972e-01
-7.295187269382550355e-01	-8.840605461806740062e-02	5.541614266831419722e-02
4.459721141651480925e-01	-1.342186235577425668e+00	-4.141036686662503130e-01
2.727032754957107175e-01	1.813729733913168884e-01	1.557925058978692601e+00
7.602190985642851562e-01	6.920621543313522084e-01	1.306961357321083095e-01
-1.026903424826870054e-02	4.858418484485512723e-01	5.646789584081979979e-02
-7.202081368344259715e-02	6.287216954511115619e-01	-3.792992917253801832e-01
-6.264077414099195051e-01	-1.003461394768176751e+00	-5.083781814459858994e-01
-1.055813488617009410e+00	-4.645049297439179936e-02	-2.979289006171539911e-02
8.806418956703909728e-02	1.541234153156899878e-01	-2.067404039408105021e-01
2.753794017566467134e-01	3.946631889662761128e-01	-3.203110784871802119e-01
-1.124966701048892626e+00	1.078491273600852979e-01	-1.349859080091299068e-01
-1.372533899784706135e-01	2.234169280371456068e-01	1.675354831480740714e+00
1.541642880419137884e-01	-2.846642432254988253e-01	2.053611074399041003e-01
-8.640099124779718753e-01	-1.472346422087620899e-01	-9.702482272680569564e-02
2.026501902368784136e-01	-1.410806244348127014e-01	2.999000915556124247e-01
5.604625292249400259e-02	7.683166122938199505e-02	-2.946280867785970869e-01
3.082971063596037786e-01	-3.053937778193933084e-01	3.556396989533430059e-02
